vers = 1.6
 
59387733047937549661547373334432
35782374024682865747711430355727
37336757787540531634443546734675
07333471738503374901717785373677
53522490519747733277036777007349
74432336183379587523287437442594
43585044517037573731937377218757
30874437145975393726770451707354
32230257333737553353445397329874
35057154777573557590873265978473
17260575634960657248547473777748
03920730536045777769733126931467
36532107574337324515773733633467
93313375737834335447549270459126
62674417768783353891026313837901
82737738375338135743327406273774
77272576427059904115124373542563
34917754377724011735777777177535
64039359253133315956269579227621
93415383133176185344733547575398
47673157938344678139777135688310
11334445347274376675668144777503
74746314177741315764028473537776
30703347885723619483443772365934 s
